156 CONSPEOTVS LOCORVM.

11111124, 2. 201111. 7,22. 111ἕο 91111111. u. Leo·
m.

92) 1191111111. 6, 5,1. oio. 814) 01,111,Μ11.5,6,4.11110
de off. 3, 22, 86. Liu. epit. de 11111 p. R. 8, 3. (Non.
18. 1101. 1, 18, 21. 111111, p. 518, 30). Ρ1111. 11.11.10,
2,14. Senon. ad Lucil. 18, 41.

120. Tac. annal. 2, 88. 515)01.1Τ11. Max. 5, 6, 5. 6.
Gell. 3, 8. Δ1111111011,Μ110. Cic. de diu. 1, 24, 51. de
90, 1, 22. Plut. Pyrrh. 21. fin. 2, 18, 81. do 1011001.
Dio 11. 40, 44. 201111. 8, 5. 13, 43. pro Sestio 21, 48.
14011111, u. 11. 12, 33, [219] 11111, 8, 9. 10, 28. ,41101410
uir. ill. 10, 11. [340101]

1111, ⁶= 81⁶) 01.101.110.ι.1,1,11,110.

51) 01. Ρ1111, Pomp. 14. Ζο- epit. 58. 1101. 2, 20, 4. 5.
1111.10,2.Ρ1111.1])ο]111111. 111111. 4, 20. 0101010,
reg. 0111111). Pompei 6. 1-4. Vell.2,4,1. 11111111.
[10 00, 4, 1-0, Strabo 14, 1,

5 2)01. 11101011. Caes. 69. Ap· 88. ξδθ]
011111), 0241111041, 111)01. al. Max. 3, 2, 16.
2611). [49] 1111111392. Ρ1111. Aem.

04.)01111. 11011 11110 11. [101]
00112011012, 4111111. 513)01.1Ι11.Μ111.6,6,011,2.
3,.6 1111110121 11110110 1111232090. Sil, 1111.

1111. ill. 45. Festus 189, 6. 12,491. Polyb. 1,1. Athen.
Polyb. 2, 94. Plut. 11110, 7. 1216. Appian.Hann. 29.

10111820. [222] 216]
1001110. 11, 40. [111] 110) 00- -11]
1)0111111 22, 61, 14. 15. 120) 01 1111. Max. 7, 6, 2 9

1111111 3, 4, 4. 4,,.12 11112919. (1101011110111.

(1011011111, 25, 6 ,,7)Ρο- 2,57, 171, Ρ1111. n. h 8,

1011111011] 11,11,01111ο1,4,10.

’1.01 11112210.- 111101 [210]

1001111Η1111126. [216] 821) 01, 1011111111111 73 [74]
1 ex Frontin. 1,1,12. 111) [141-130
19011’10111111.1,’,’,514 523)01,.1111 119,,20111,7.

ex 1110111111, 1,1, 15. Liu. 001119. 1101218,

11.801100,1101111,11.
Appian. Hisp. 86·- 91.

010, 1100011141 plut. [168]

666146644 000

01111010. 81) 01. Sil. 1111, 7, 13911]
111)0.111.1101.0,1,011.0. 71310. Diofrngm 51, 9

010110014110190- -100111101001111,

1100,1101)01101.6,91. Ρ1111, 10. 01 1111110100.Μο-

110011111100111100111- 10“ 1.

 

